8.30 
94.65 
11.41 
50.00 
40.27 
70.47 
48.85 
14.09 
300.00 
470.00 
15.88 
46.32 
46.29 
47.31 
144.00 
20.13 
28.20 
23.20 
219.49 
18.12 
5.64 
47.10 
39.05 
41.24 
4.83 
15.09 
63.44 
4.22 
123.46 
6.84 
50.34 
52.86 
25.18 
90.62 
75.51 
174.93 
1.90 
4.22 
61.80 
21.15 
6.64 
39.43 
35.23 
6.63 
15.38 
58.38 
14.77 
55.39 
11.65 
27.22 
13.80 
182.12 
4.32 
19.13 
4.82 
35.23 
75.50 
21.78 
366.72 
15.05 
41.29 
4.44 
9.25 
27.18 
33.50 
1.90 
2.31 
25.18 
20.11 
10.47 
56.75 
60.41 
34.24 
28.17 
72.07 
81.52 
5.83 
18.12 
73.28 
128.84 
56.38 
333.22 
63.42 
7.05 
44.29 
54.14 
9.85 
7.67 
10.00 
11.44 
13.03 
25.18 
22.15 
49.47 
7.03 
16.11 
116.77 
2.23 
12.99 
21.14 
11.23 
15.37 
13.14 
2.23 
35.35 
26.10 
24.75 
41.52 
2.92 
77.94 
34.85 
7.82 
89.58 
8.06 
51.25 
14.72 
35.14 
70.45 
